             cycle,               upl,                 volu,                b,                   Apz,                 Ages,                dupl,                epx,                 epy,                 epz,                 epxy,                epyz,                epxz    
        1.0000000000,        0.0000011749,        1,        0.0000000000,        0.0100000000,        0.2000000000,        0.0000011749,        0.0000004884,        0.0000006749,       -0.0000011633,       -0.0000061708,        0.0000002145,       -0.0000009001
        2.0000000000,        0.0000000000,        1,        0.0000000000,        0.0000000000,        0.4000000000,        0.0000000000,        0.0000000000,        0.0000000000,        0.0000000000,        0.0000000000,        0.0000000000,        0.0000000000
        3.0000000000,        0.0000000000,        1,        0.0000000000,        0.0000000000,        0.6000000000,        0.0000000000,        0.0000000000,        0.0000000000,        0.0000000000,        0.0000000000,        0.0000000000,        0.0000000000
        4.0000000000,        0.0000000000,        1,        0.0000000000,        0.0000000000,        0.8000000000,        0.0000000000,        0.0000000000,        0.0000000000,        0.0000000000,        0.0000000000,        0.0000000000,        0.0000000000
        5.0000000000,        0.0000000000,        1,        0.0000000000,        0.0000000000,        1.0000000000,        0.0000000000,        0.0000000000,        0.0000000000,        0.0000000000,        0.0000000000,        0.0000000000,        0.0000000000
        6.0000000000,        0.0000000000,        1,        0.0000000000,        0.0000000000,        1.2000000000,        0.0000000000,        0.0000000000,        0.0000000000,        0.0000000000,        0.0000000000,        0.0000000000,        0.0000000000
        7.0000000000,        0.0000000000,        1,        0.0000000000,        0.0000000000,        1.4000000000,        0.0000000000,        0.0000000000,        0.0000000000,        0.0000000000,        0.0000000000,        0.0000000000,        0.0000000000
        8.0000000000,        0.0000061830,        1,        0.0000000000,        0.0100000000,        1.6000000000,        0.0000030386,        0.0000092277,       -0.0000069985,       -0.0000022291,        0.0000026545,        0.0000006095,        0.0000010236
        9.0000000000,        0.0000105895,        1,        0.0000000000,        0.0100000000,        1.8000000000,        0.0000043242,        0.0000131686,       -0.0000098864,       -0.0000032823,        0.0000036803,        0.0000008385,        0.0000014433
       10.0000000000,        0.0000142907,        1,        0.0000000000,        0.0100000000,        2.0000000000,        0.0000036217,        0.0000110546,       -0.0000082224,       -0.0000028322,        0.0000030188,        0.0000006820,        0.0000011998
       11.0000000000,        0.0000180123,        1,        0.0000000000,        0.0100000000,        2.2000000000,        0.0000036673,        0.0000112115,       -0.0000083162,       -0.0000028953,        0.0000028714,        0.0000006552,        0.0000012406
       12.0000000000,        0.0000237182,        1,        0.0000000000,        0.0100000000,        2.4000000000,        0.0000056869,        0.0000174001,       -0.0000129746,       -0.0000044255,        0.0000039406,        0.0000009345,        0.0000020262
       13.0000000000,        0.0000286046,        1,        0.0000000000,        0.0100000000,        2.6000000000,        0.0000048865,        0.0000149719,       -0.0000110925,       -0.0000038794,        0.0000033574,        0.0000007899,        0.0000017312
       14.0000000000,        0.0000328085,        1,        0.0000000000,        0.0100000000,        2.8000000000,        0.0000042039,        0.0000128961,       -0.0000095001,       -0.0000033960,        0.0000028668,        0.0000006697,        0.0000014827
       15.0000000000,        0.0000364402,        1,        0.0000000000,        0.0100000000,        3.0000000000,        0.0000036317,        0.0000111525,       -0.0000081736,       -0.0000029790,        0.0000024612,        0.0000005712,        0.0000012762
       16.0000000000,        0.0000408701,        1,        0.0000000000,        0.0200000000,        3.2000000000,        0.0000044299,        0.0000136258,       -0.0000099987,       -0.0000036270,        0.0000026252,        0.0000007418,        0.0000015124
       17.0000000000,        0.0000448678,        1,        0.0000000000,        0.0200000000,        3.4000000000,        0.0000039977,        0.0000123071,       -0.0000089999,       -0.0000033072,        0.0000023293,        0.0000006684,        0.0000013557
       18.0000000000,        0.0000491005,        1,        0.0000000000,        0.0200000000,        3.6000000000,        0.0000042327,        0.0000130433,       -0.0000095383,       -0.0000035050,        0.0000022455,        0.0000007154,        0.0000014204
       19.0000000000,        0.0720723182,        1,        0.0368421053,        0.1100000000,        3.8000000000,        0.0000163650,        0.0000328707,       -0.0000279618,       -0.0000049090,        0.0000027140,        0.0000010815,        0.0000010351
       20.0000000000,        0.2163483976,        0.0261566060,        0.1175000000,        0.2900000000,        4.0000000000,        0.0001143125,        0.0002755885,       -0.0002512672,       -0.0000243214,        0.0000262555,        0.0000059765,       -0.0000066085
       21.0000000000,        0.3368877013,        0.0405878624,        0.1809523810,        0.4500000000,        4.2000000000,        0.0002086619,        0.0005500288,       -0.0005051927,       -0.0000448353,        0.0000343300,        0.0000295978,       -0.0000330115
       22.0000000000,        0.4662191809,        0.0550197183,        0.2409090909,        0.6100000000,        4.4000000000,        0.0002768823,        0.0007518469,       -0.0006931142,       -0.0000587339,        0.0000240130,        0.0000344916,       -0.0000449496
       23.0000000000,        0.6027497268,        0.0703535313,        0.3000000000,        0.7800000000,        4.6000000000,        0.0003393149,        0.0009301948,       -0.0008597381,       -0.0000704568,        0.0000189144,        0.0000406969,       -0.0000583821
       24.0000000000,        0.7242710618,        0.0838833447,        0.3479166667,        0.9300000000,        4.8000000000,        0.0003897671,        0.0010761590,       -0.0009957175,       -0.0000804406,        0.0000137587,        0.0000520489,       -0.0000757051
       25.0000000000,        0.8060419659,        0.0929037069,        0.3720000000,        1.0300000000,        5.0000000000,        0.0004290085,        0.0011896639,       -0.0011016232,       -0.0000880404,        0.0000119465,        0.0000554172,       -0.0000866618
       26.0000000000,        0.9039961679,        0.1037277600,        0.4019230769,        1.1500000000,        5.2000000000,        0.0004648153,        0.0012929982,       -0.0011975845,       -0.0000954133,        0.0000106680,        0.0000628250,       -0.0001003383
       27.0000000000,        1.0430425744,        0.1190615435,        0.4462962963,        1.3200000000,        5.4000000000,        0.0005001272,        0.0014011117,       -0.0012986671,       -0.0001024445,       -0.0000044666,        0.0000750940,       -0.0001175815
       28.0000000000,        1.1415775894,        0.1298857635,        0.4714285714,        1.4400000000,        5.6000000000,        0.0005290896,        0.0014684578,       -0.0013606735,       -0.0001077848,        0.0000169136,        0.0000765386,       -0.0001249891
       29.0000000000,        1.2409083782,        0.1407101458,        0.4948275862,        1.5600000000,        5.8000000000,        0.0005566215,        0.0015496084,       -0.0014365703,       -0.0001130384,        0.0000113948,        0.0000827527,       -0.0001368150
       30.0000000000,        1.3465866115,        0.1524363207,        0.5183333333,        1.6900000000,        6.0000000000,        0.0005825933,        0.0016264192,       -0.0015081508,       -0.0001182681,        0.0000082406,        0.0000878203,       -0.0001482419
       31.0000000000,        1.4368718768,        0.1623586513,        0.5354838710,        1.8000000000,        6.2000000000,        0.0006031845,        0.0016877786,       -0.0015657002,       -0.0001220787,        0.0000062411,        0.0000913143,       -0.0001561357
       32.0000000000,        1.5837970010,        0.1785940118,        0.5734375000,        1.9800000000,        6.4000000000,        0.0006270585,        0.0017596399,       -0.0016327624,       -0.0001268773,       -0.0000005361,        0.0001035380,       -0.0001715344
       33.0000000000,        1.6821807208,        0.1894182118,        0.5909090909,        2.1000000000,        6.6000000000,        0.0006473708,        0.0018194232,       -0.0016885389,       -0.0001308834,       -0.0000015652,        0.0001081585,       -0.0001811963
       34.0000000000,        1.7889600053,        0.2011442386,        0.6102941176,        2.2300000000,        6.8000000000,        0.0006667027,        0.0018771560,       -0.0017429963,       -0.0001341596,       -0.0000039352,        0.0001141944,       -0.0001909083
       35.0000000000,        1.8723411251,        0.2110661573,        0.6200000000,        2.3400000000,        7.0000000000,        0.0006818808,        0.0019228243,       -0.0017860453,       -0.0001367783,       -0.0000056829,        0.0001170321,       -0.0001972927
       36.0000000000,        1.9870909392,        0.2236942211,        0.6402777778,        2.4800000000,        7.2000000000,        0.0006979147,        0.0019726745,       -0.0018334408,       -0.0001392352,       -0.0000121786,        0.0001234198,       -0.0002060753
       37.0000000000,        2.0866775037,        0.2345185325,        0.6540540541,        2.6000000000,        7.4000000000,        0.0007177443,        0.0020307583,       -0.0018878377,       -0.0001429198,       -0.0000138718,        0.0001275348,       -0.0002160154
       38.0000000000,        2.1783408215,        0.2444410408,        0.6644736842,        2.7100000000,        7.6000000000,        0.0007321073,        0.0020737927,       -0.0019282652,       -0.0001455281,       -0.0000159574,        0.0001313532,       -0.0002241921
       39.0000000000,        2.2699697374,        0.2543635209,        0.6743589744,        2.8200000000,        7.8000000000,        0.0007448515,        0.0021129616,       -0.0019651579,       -0.0001478034,       -0.0000187632,        0.0001357259,       -0.0002317857
       40.0000000000,        2.3615891811,        0.2642849961,        0.6837500000,        2.9300000000,        8.0000000000,        0.0007616988,        0.0021532643,       -0.0020233059,       -0.0001599582,       -0.0000842102,        0.0001885801,       -0.0002254292
